Music 1
11886
619
8

Music 2
11883
750
8

Music 3
11885
750
8

Music 4
11888
750
8

Music 5
11884
783
8

Music 6
11887
783
8

Music 7
18761
1125
8

Music 8
18760
1721
8

Music 9
18755
2906
8

Music 10
18756
2906
8

Music 11
18757
2906
8

Music 12
18758
2906
8

Music 13
18759
2906
8

Music 14
18762
2906
8

Music 15
42611
5062
8

Music 16
42612
5062
8

Music 17
42613
5062
8

Music 18
42618
5062
8

Music 19
42614
5343
8

Music 20
42615
6375
8

Music 21
42616
6375
8

Music 22
42617
6375
8

Music 23
94225
1125
8

Music 24
94224
2097
8

Music 25
94219
2906
8

Music 26
94220
2906
8

Music 27
94221
2906
8

Music 28
94222
2906
8

Music 29
94223
2906
8

Music 30
94226
2906
8

Music 31
118075
5062
8

Music 32
118076
5062
8

Music 33
118077
5062
8

Music 34
118080
5062
8

Music 35
118081
5062
8

Music 36
118082
5062
8

Music 37
118078
5343
8

Music 38
118079
6375
8

Music 39
169683
618
8

Music 40
169685
750
8

Music 41
169684
771
8

Music 42
176465
1125
8

Music 43
176464
1600
8

Music 44
176466
2812
8

Music 45
176461
2868
8

Music 46
176463
2875
8

Music 47
176459
2906
8

Music 48
176460
2906
8

Music 49
176462
2906
8

Music 50
200315
4144
8

Music 51
200316
4500
8

Music 52
200317
4706
8

Music 53
200320
5062
8

Music 54
200321
5062
8

Music 55
200322
5062
8

Music 56
200318
5343
8

Music 57
200319
6375
8

Music 58
251930
1125
8

Music 59
251929
2097
8

Music 60
251924
2906
8

Music 61
251925
2906
8

Music 62
251926
2906
8

Music 63
251927
2906
8

Music 64
251928
2906
8

Music 65
251931
2906
8

