Music 1
889
2455
8

Music 2
20839
175
8

Music 3
20840
175
8

Music 4
20841
175
8

Music 5
20842
175
8

Music 6
20843
175
8

Music 7
20844
175
8

Music 8
20845
175
8

Music 9
20846
175
8

Music 10
22439
453
8

Music 11
22440
453
8

Music 12
22441
453
8

Music 13
22442
453
8

Music 14
22443
453
8

Music 15
22444
453
8

Music 16
22445
453
8

Music 17
22446
453
8

Music 18
26263
721
8

Music 19
26264
721
8

Music 20
26265
721
8

Music 21
26266
721
8

Music 22
26267
721
8

Music 23
26268
721
8

Music 24
26269
721
8

Music 25
26270
721
8

Music 26
32231
901
8

Music 27
32232
901
8

Music 28
32233
901
8

Music 29
32234
901
8

Music 30
32235
901
8

Music 31
32236
901
8

Music 32
32237
901
8

Music 33
32238
901
8

Music 34
39639
927
8

Music 35
39640
927
8

Music 36
39641
927
8

Music 37
39642
927
8

Music 38
39643
927
8

Music 39
39644
927
8

Music 40
39645
927
8

Music 41
39646
927
8

Music 42
47255
1621
8

Music 43
47256
1621
8

Music 44
47257
1621
8

Music 45
47258
1621
8

Music 46
47259
1621
8

Music 47
47260
1621
8

Music 48
47261
1621
8

Music 49
47262
1621
8

Music 50
60423
2150
8

Music 51
60424
2150
8

Music 52
60425
2150
8

Music 53
60426
2150
8

Music 54
60427
2150
8

Music 55
60428
2150
8

Music 56
60429
2150
8

Music 57
60430
2150
8

Music 58
77823
2585
8

Music 59
77824
2585
8

Music 60
77825
2585
8

Music 61
77826
2585
8

Music 62
77827
2585
8

Music 63
77828
2585
8

Music 64
77829
2585
8

Music 65
77830
2585
8

Music 66
98703
2827
8

Music 67
98704
2827
8

Music 68
98705
2827
8

Music 69
98706
2827
8

Music 70
98707
2827
8

Music 71
98708
2827
8

Music 72
98709
2827
8

Music 73
98710
2827
8

Music 74
121519
2950
8

Music 75
121520
2950
8

Music 76
121521
2950
8

Music 77
121522
2950
8

Music 78
121523
2950
8

Music 79
121524
2950
8

Music 80
121525
2950
8

Music 81
121526
2950
8

Music 82
145319
3018
8

Music 83
145320
3018
8

Music 84
145321
3018
8

Music 85
145322
3018
8

Music 86
145323
3018
8

Music 87
145324
3018
8

Music 88
145325
3018
8

Music 89
145326
3018
8

Music 90
169663
3230
8

Music 91
169664
3230
8

Music 92
169665
3230
8

Music 93
169666
3230
8

Music 94
169667
3230
8

Music 95
169668
3230
8

Music 96
169669
3230
8

Music 97
169670
3230
8

