Music 1
17899
4330
8

Music 2
17900
3370
8

Music 3
17901
3894
8

Music 4
17902
3533
8

Music 5
17903
3778
8

Music 6
17904
3616
8

Music 7
17905
3743
8

Music 8
17906
3684
8

Music 9
52819
3267
8

Music 10
52820
3071
8

Music 11
52821
3259
8

Music 12
52822
3078
8

Music 13
52823
3249
8

Music 14
52824
3144
8

Music 15
52825
3202
8

Music 16
52826
3187
8

Music 17
79291
3031
8

Music 18
79292
2606
8

Music 19
79293
2969
8

Music 20
79294
2658
8

Music 21
79295
2891
8

Music 22
79296
2675
8

Music 23
79297
2747
8

Music 24
79298
2725
8

Heihachi
103843
2562
8

Boss
103844
2323
8

Baek
103845
2509
8

King+
103846
2342
8

King
103847
2460
8

Music 30
103848
2366
8

Lei+
103849
2416
8

Jack2+
103850
2375
8

Nina
124555
2316
8

Music 34
124556
1941
8

Kazuya
124557
2285
8

Music 36
124558
1943
8

Music 37
124559
2248
8

Music 38
124560
2033
8

Music 39
124561
2218
8

Music 40
124562
2190
8

Music 41
143347
1915
8

Music 42
143348
1354
8

Music 43
143349
1784
8

Music 44
143350
1410
8

Music 45
143351
1693
8

Music 46
143352
1455
8

Music 47
143353
1541
8

Music 48
143354
1466
8

Music 49
158875
1358
8

Music 50
158876
920
8

Music 51
158877
1358
8

Music 52
158878
1125
8

Music 53
158879
1358
8

Music 54
158880
1125
8

Music 55
158881
1358
8

Music 56
158882
1312
8

